1	
 Aatrox
Top	46.19%	2.61%	0.32%	5.30	5.46	6.13	6.04	7	19094	32398	13066	158.8	2.48	3.79	10952	34	0
2	
 Ahri
Middle	51.34%	3.37%	0.23%	7.55	6.91	5.73	8.17	8	21203	19344	3824	162.8	1.07	3.62	11437	12	0
3	
 Akali
Middle	46.00%	3.79%	2.68%	7.93	8.30	6.34	5.52	7	20250	25973	7990	157.1	1.32	2.76	11411	19	0
4	
 Akali
Top	45.15%	1.89%	2.68%	8.23	7.19	6.05	4.79	7	20093	25536	7832	164.0	1.11	2.01	11152	31	0
5	
 Alistar
Support	51.35%	3.96%	0.10%	4.62	1.94	5.80	13.15	4	7457	20592	8573	30.0	0.06	0.08	7354	24	0
6	
 Amumu
Jungle	47.99%	2.04%	0.05%	3.46	4.49	6.03	9.70	6	13337	27870	7918	31.8	6.51	82.86	10177	40	0
7	
 Anivia
Middle	47.55%	0.80%	0.05%	8.01	6.08	4.91	7.30	5	19197	24934	4355	175.9	2.78	10.32	11690	32	0
8	
 Annie
Middle	54.38%	1.39%	0.08%	4.75	7.78	6.40	7.80	6	22938	18497	2369	156.3	1.33	3.91	11652	9	0
9	
 Aphelios
ADC	44.67%	1.77%	0.21%	NaN	6.50	6.99	7.18	8	20505	19175	3064	182.3	2.43	10.02	12119	22	0
10	
 Ashe
ADC	50.89%	8.41%	0.64%	5.22	6.03	6.31	9.72	8	18750	18425	2441	173.0	2.20	8.55	11798	18	0
11	
 Aurelion Sol
Middle	49.20%	0.74%	0.03%	5.67	5.78	5.59	8.63	6	18725	22530	4265	150.4	1.30	3.99	10360	38	0
12	
 Azir
Middle	46.69%	0.86%	0.03%	4.04	6.08	6.38	7.02	7	20423	19425	2289	176.5	2.41	7.63	11622	37	0
13	
 Bard
Support	50.61%	3.39%	0.10%	6.21	2.65	5.35	13.08	6	10347	16796	6453	31.9	0.17	0.17	7793	18	0
14	
 Blitzcrank
Support	50.47%	4.77%	1.56%	5.80	2.30	5.70	11.79	5	8258	18387	1786	30.1	0.14	0.12	7496	19	0
15	
 Brand
Support	50.82%	2.31%	0.29%	5.98	5.13	7.50	9.24	7	19971	18172	2005	34.3	0.83	1.88	9157	20	0
16	
 Braum
Support	47.47%	2.67%	0.07%	5.21	1.65	5.69	14.12	3	7691	19120	2551	30.2	0.06	0.07	7530	33	0
17	
 Caitlyn
ADC	49.71%	9.62%	3.26%	8.80	6.63	6.00	7.65	9	20635	18230	2971	181.7	1.94	7.87	12243	7	0
18	
 Camille
Support	49.62%	0.93%	0.79%	11.35	3.25	3.45	2.38	5	8320	11765	1206	97.5	0.80	0.62	6434	36	0
19	
 Camille
Top	49.24%	4.98%	0.79%	5.38	6.21	6.19	5.96	8	18620	26716	3888	162.7	2.71	3.96	11398	8	0
20	
 Cassiopeia
Middle	51.64%	1.58%	0.37%	5.29	6.99	6.24	6.24	7	21377	23774	8006	180.2	3.16	9.89	12012	20	0
21	
 Cho'Gath
Top	50.99%	1.02%	0.05%	3.96	6.14	5.97	6.40	6	18099	32622	7560	159.5	1.57	2.89	11205	26	0
22	
 Corki
Middle	48.78%	0.63%	0.02%	4.93	7.43	5.93	6.76	7	23099	20535	2710	181.1	3.22	9.46	12300	24	0
23	
 Darius
Top	49.98%	3.15%	4.49%	6.41	6.88	5.91	4.81	7	17718	28889	5956	173.8	2.00	2.60	11819	1	0
24	
 Diana
Middle	48.90%	1.72%	0.35%	5.21	7.58	6.77	6.68	7	21389	22489	3900	161.9	3.51	8.21	11923	29	0
25	
 Dr. Mundo
Top	53.71%	0.73%	0.06%	3.26	4.75	5.76	7.03	5	20528	35278	8787	165.7	2.30	2.45	11193	10	0
26	
 Draven
ADC	51.16%	2.19%	0.42%	8.11	7.39	6.82	7.05	9	21343	20623	2119	177.6	2.70	8.60	13029	15	0
27	
 Ekko
Jungle	49.83%	5.56%	1.32%	13.26	7.45	5.60	7.29	7	17336	30855	14312	40.1	7.93	78.97	11062	6	0
28	
 Ekko
Middle	51.98%	1.94%	1.32%	7.08	7.72	5.82	6.54	7	20655	27406	8677	163.9	2.11	4.59	11782	11	0
29	
 Elise
Jungle	49.95%	3.77%	0.75%	6.99	6.51	5.65	7.57	8	14838	21644	7541	26.7	8.26	71.15	10329	33	0
30	
 Evelynn
Jungle	49.06%	4.11%	2.87%	6.32	8.50	6.12	6.66	8	18725	23721	8588	22.7	9.30	82.26	11093	7	0
31	
 Ezreal
ADC	48.79%	13.31%	0.68%	8.02	6.90	5.61	7.76	8	23386	18556	2842	176.0	1.94	6.95	11972	4	0
32	
 Fiddlesticks
Jungle	54.45%	3.05%	0.61%	6.30	6.07	5.58	9.06	7	16952	28120	14922	34.2	7.56	88.28	10823	8	0
33	
 Fiora
Top	51.28%	3.48%	1.22%	6.41	6.45	6.31	4.55	8	19589	29686	8842	180.3	4.15	4.42	12234	2	0
34	
 Fizz
Middle	51.74%	2.59%	1.01%	6.00	8.97	5.85	6.11	9	19577	22218	3783	155.6	1.46	3.71	11844	7	0
35	
 Galio
Middle	52.15%	2.06%	0.23%	6.29	5.20	5.56	10.54	6	17398	22421	2108	152.1	0.91	2.72	10497	31	0
36	
 Galio
Support	53.62%	0.95%	0.23%	7.12	2.78	4.97	9.37	4	9489	16331	1375	62.4	0.37	0.47	7282	27	0
37	
 Gangplank
Top	45.76%	1.51%	0.12%	9.28	4.98	5.58	7.49	6	21110	24903	6934	192.3	1.74	4.08	12590	28	0
38	
 Garen
Top	49.73%	2.82%	0.66%	3.41	6.38	5.12	4.76	6	18098	27805	3429	173.7	3.66	3.73	11973	9	0
39	
 Gnar
Top	47.55%	1.21%	0.05%	4.18	5.22	5.98	7.17	7	19801	28369	4196	164.3	1.95	2.64	11361	35	0
40	
 Gragas
Jungle	47.63%	1.77%	0.03%	6.48	5.52	5.64	8.55	6	15493	27382	11640	29.4	7.22	79.51	10240	37	0
41	
 Graves
Jungle	50.77%	7.96%	1.56%	6.88	6.11	5.13	7.49	7	16191	22692	8080	47.3	13.15	84.89	11341	5	0
42	
 Hecarim
Jungle	53.96%	8.80%	3.36%	5.26	7.56	5.34	8.48	8	16060	33950	15041	35.1	10.16	86.62	11521	1	0
43	
 Illaoi
Top	51.04%	1.31%	0.34%	5.35	5.78	6.42	5.01	6	25106	32474	9998	196.9	1.54	1.45	12165	4	0
44	
 Irelia
Middle	44.75%	1.78%	1.05%	21.80	8.00	7.43	5.35	6	19919	29019	7358	199.0	2.82	4.65	12847	30	0
45	
 Irelia
Top	46.18%	2.90%	1.05%	5.91	7.12	7.11	5.05	7	19565	29070	7358	205.4	3.13	3.93	12811	14	0
46	
 Ivern
Jungle	49.13%	0.89%	0.05%	6.53	2.37	4.56	13.04	3	7987	13362	6195	15.1	9.25	79.82	8963	41	0
47	
 Janna
Support	51.00%	3.81%	0.04%	8.11	1.77	5.21	13.50	4	7929	12892	7086	17.6	0.07	0.08	7525	22	0
48	
 Jarvan IV
Jungle	48.84%	2.41%	0.03%	5.51	5.17	5.60	12.25	9	11851	27599	8644	31.0	7.50	74.65	10553	35	0
49	
 Jax
Jungle	53.33%	1.56%	1.02%	7.18	6.80	5.82	5.97	7	15545	27387	9361	66.2	8.97	65.38	11514	17	0
50	
 Jax
Top	50.47%	3.02%	1.02%	6.05	6.54	6.56	4.78	9	18944	26547	5028	170.1	3.89	5.52	12092	13	0
51	
 Jayce
Top	47.08%	1.07%	0.09%	7.29	5.99	6.37	6.49	6	21165	20538	2239	182.7	2.63	5.21	11955	37	0
52	
 Jhin
ADC	51.95%	10.20%	0.24%	9.36	7.16	5.45	9.06	7	20572	18146	3705	182.1	1.90	7.15	12366	2	0
53	
 Jinx
ADC	51.68%	3.25%	0.02%	6.07	7.12	6.13	8.07	7	20523	18813	2474	183.1	2.65	10.18	12500	13	0
54	
 Kai'Sa
ADC	48.41%	6.53%	0.09%	NaN	7.82	5.91	7.09	11	20594	19283	4031	185.6	2.54	9.35	12572	9	0
55	
 Kalista
ADC	46.70%	1.27%	0.04%	4.86	7.62	6.66	7.49	8	19160	21232	4568	179.8	3.09	10.08	12454	20	0
56	
 Karma
Support	49.53%	2.79%	0.05%	6.98	2.05	5.56	12.13	4	9879	13734	2974	24.2	0.19	0.27	7598	29	0
57	
 Karthus
Jungle	52.44%	2.04%	0.73%	17.74	7.99	6.40	8.77	9	24901	26701	10814	46.0	10.68	99.42	12117	4	0
58	
 Kassadin
Middle	50.44%	2.93%	2.29%	5.19	8.27	5.61	5.61	7	20989	26194	7788	168.9	2.77	7.85	11917	4	0
59	
 Katarina
Middle	47.14%	2.53%	0.68%	7.14	9.58	7.03	6.51	8	21294	25379	7074	153.0	1.09	2.56	12037	23	0
60	
 Kayle
Top	50.14%	2.07%	0.11%	6.23	5.65	6.01	5.96	6	19421	21324	7853	189.2	3.68	8.44	12114	22	0
61	
 Kayn
Jungle	52.41%	6.97%	1.09%	4.80	7.62	6.20	7.39	8	17287	31810	14636	36.5	11.80	84.05	11448	3	0
62	
 Kennen
Top	43.90%	0.80%	0.04%	4.72	5.12	5.84	6.98	5	19527	21229	3864	164.9	0.96	2.22	10877	41	0
63	
 Kha'Zix
Jungle	51.85%	6.36%	1.45%	7.25	8.61	5.67	6.08	8	17807	29421	14247	27.9	11.20	82.73	11420	2	0
64	
 Kindred
Jungle	50.19%	2.14%	0.07%	4.13	6.68	6.20	7.19	7	16279	25637	13088	33.5	14.31	76.17	10924	27	0
65	
 Kled
Top	49.32%	0.69%	0.11%	6.92	6.06	6.08	7.49	5	17901	33771	3731	157.5	2.02	2.42	11491	30	0
66	
 Kog'Maw
ADC	53.27%	0.74%	0.01%	4.73	8.48	6.89	7.41	8	25946	20254	3288	174.7	2.31	9.42	12683	3	0
67	
 LeBlanc
Middle	48.37%	2.47%	0.70%	5.78	7.69	5.35	6.83	8	19671	21066	4515	143.5	1.31	4.35	11040	27	0
68	
 Lee Sin
Jungle	46.58%	9.70%	0.98%	11.93	6.55	5.86	8.07	7	12941	27294	7921	26.0	8.97	73.69	10536	18	0
69	
 Leona
Support	51.35%	6.83%	1.26%	5.18	2.04	6.10	12.67	4	6916	18059	1917	31.9	0.05	0.07	7527	12	0
70	
 Lillia
Jungle	46.09%	6.34%	1.38%	NaN	6.10	5.45	8.52	6	17950	29107	10549	41.9	10.95	88.41	11004	11	0
71	
 Lissandra
Middle	52.53%	1.05%	0.05%	3.91	6.16	6.39	9.50	6	20697	20976	3031	170.9	1.48	4.64	11502	25	0
72	
 Lucian
ADC	47.60%	5.74%	1.13%	9.62	7.63	6.32	7.40	9	21056	20055	2623	186.3	2.90	9.95	12641	11	0
73	
 Lucian
Middle	45.87%	3.32%	1.13%	16.33	7.51	6.72	5.74	9	22167	20868	1562	190.9	3.82	9.86	12686	16	0
74	
 Lulu
Support	52.06%	8.40%	2.01%	7.71	1.60	4.91	13.78	4	5585	12356	1930	23.2	0.10	0.11	7447	3	0
75	
 Lux
Middle	52.89%	2.17%	0.21%	5.63	6.43	5.43	9.64	6	21558	14358	1131	156.2	0.89	3.38	11104	13	0
76	
 Lux
Support	50.46%	5.52%	0.21%	7.54	3.52	5.70	11.51	6	13861	11959	1586	36.7	0.40	0.60	8413	10	0
77	
 Malphite
Support	50.27%	1.31%	0.67%	6.72	3.37	4.99	6.95	4	11426	13798	1071	64.2	0.49	0.82	7439	31	0
78	
 Malphite
Top	50.80%	3.76%	0.67%	4.25	4.86	5.20	8.53	7	18351	20642	2381	150.9	1.11	2.22	10533	15	0
79	
 Malzahar
Middle	48.09%	1.27%	0.28%	7.51	5.11	6.02	8.11	6	20757	16266	1075	185.2	1.86	5.62	11775	33	0
80	
 Maokai
Support	49.58%	1.98%	0.22%	6.00	2.56	5.63	9.17	4	14263	18906	4625	44.0	0.36	0.31	7385	30	0
81	
 Maokai
Top	51.83%	2.29%	0.22%	4.52	3.47	5.13	9.81	5	17390	31920	11324	146.7	0.83	1.11	9968	17	0
82	
 Master Yi
Jungle	51.72%	3.37%	1.49%	5.77	8.30	6.56	4.91	8	16979	28366	11674	39.9	9.17	83.00	11768	12	0
83	
 Miss Fortune
ADC	52.52%	4.32%	0.07%	6.14	7.38	6.16	8.33	8	21179	18279	2066	185.0	2.24	8.45	12531	5	0
84	
 Miss Fortune
Support	49.28%	0.66%	0.07%	6.30	3.52	4.46	5.39	6	10944	10511	866	90.5	0.68	1.01	7395	35	0
85	
 Mordekaiser
Top	48.64%	3.31%	0.73%	6.14	6.06	6.28	5.16	6	20730	28139	8023	166.6	2.04	3.37	11430	18	0
86	
 Morgana
Support	51.03%	6.00%	3.77%	5.62	2.77	5.82	12.92	5	11462	15709	3270	27.4	0.40	0.52	8189	1	0
87	
 Nami
Support	51.61%	3.49%	0.02%	8.85	1.82	5.43	14.93	4	7867	13061	11537	14.6	0.08	0.08	7640	9	0
88	
 Nasus
Top	50.57%	1.66%	0.23%	3.98	5.43	5.69	5.74	6	19148	35020	1957	173.8	2.40	3.85	11711	12	0
89	
 Nautilus
Support	50.02%	5.72%	1.43%	6.62	2.25	6.13	12.08	3	8311	17417	1572	33.2	0.09	0.12	7542	21	0
90	
 Neeko
Middle	48.71%	0.82%	0.05%	NaN	6.36	6.19	8.18	6	20264	19199	2487	159.4	1.46	4.35	11209	36	0
91	
 Nidalee
Jungle	47.36%	4.44%	0.37%	5.31	6.77	5.53	7.35	8	15883	26637	15803	28.7	12.79	86.10	10843	20	0
92	
 Nocturne
Jungle	48.64%	1.75%	0.16%	4.84	7.26	6.18	6.80	7	15105	28033	11538	37.0	7.89	85.48	11426	34	0
93	
 Nunu & Willump
Jungle	51.23%	4.06%	0.41%	4.31	4.21	5.27	11.71	5	11210	34522	17417	33.7	7.15	72.65	10021	19	0
94	
 Olaf
Jungle	50.99%	1.91%	0.35%	4.52	7.12	5.92	6.77	7	16669	31161	11591	38.8	9.75	81.02	11416	16	0
95	
 Orianna
Middle	50.82%	4.33%	0.14%	6.83	5.70	5.44	9.65	7	20024	17124	1815	179.5	2.05	8.85	11621	6	0
96	
 Ornn
Top	50.62%	2.79%	0.19%	1.55	3.92	5.26	8.97	5	17026	27986	3553	161.3	0.84	1.63	10428	20	0
97	
 Pantheon
Support	49.94%	5.18%	1.54%	19.50	4.63	6.91	9.77	6	12085	19531	2046	43.4	0.50	0.61	8559	14	0
98	
 Poppy
Top	47.42%	1.01%	0.07%	4.46	4.63	5.36	7.46	5	17596	25572	3834	151.2	1.49	2.01	10413	39	0
99	
 Pyke
Support	48.88%	5.15%	0.99%	NaN	6.66	6.87	8.24	8	10012	18939	4476	38.9	0.23	0.21	10604	11	0
100	
 Qiyana
Middle	48.66%	1.02%	0.06%	NaN	8.41	6.86	6.58	6	19827	21625	4010	150.0	2.03	3.28	11453	35	0
101	
 Quinn
Top	50.71%	0.92%	0.18%	5.93	7.36	7.13	6.38	7	21572	21234	1391	164.3	3.60	4.91	12026	32	0
102	
 Rakan
Support	51.03%	4.14%	0.06%	5.34	1.65	5.17	14.25	4	6458	14951	4002	29.8	0.08	0.08	7433	25	0
103	
 Rammus
Jungle	53.16%	2.03%	0.42%	3.70	4.75	5.65	10.93	6	13460	28650	8303	31.5	6.24	77.98	10311	22	0
104	
 Rek'Sai
Jungle	48.34%	2.35%	0.26%	5.13	7.42	5.69	7.30	7	14052	27997	12275	24.5	8.65	75.92	10845	32	0
105	
 Renekton
Top	48.43%	3.54%	1.23%	5.71	5.60	6.05	5.81	8	17962	31750	7819	182.4	3.03	3.65	11886	7	0
106	
 Rengar
Jungle	50.42%	2.25%	0.46%	5.83	8.44	6.28	5.87	8	17386	28779	10942	39.2	12.17	80.17	11660	14	0
107	
 Riven
Top	51.00%	2.26%	0.13%	11.71	6.66	6.03	5.43	7	17147	24502	4967	175.8	3.51	4.49	12036	19	0
108	
 Rumble
Middle	52.99%	0.59%	0.04%	27.04	7.66	5.81	8.59	6	23319	23206	4158	160.0	1.93	4.33	11572	10	0
109	
 Rumble
Top	46.14%	0.69%	0.04%	5.95	5.34	6.09	7.41	5	20971	23787	3601	163.2	1.31	3.26	10924	40	0
110	
 Ryze
Middle	49.53%	1.65%	0.04%	4.96	6.47	5.90	6.80	8	22838	24784	7407	193.9	4.56	12.73	12419	15	0
111	
 Ryze
Top	47.31%	0.68%	0.04%	6.69	5.35	6.02	6.03	6	21948	24496	6865	195.5	4.14	10.42	12153	33	0
112	
 Samira
ADC	46.72%	8.80%	7.71%	NaN	8.87	7.16	7.53	10	21247	22954	4221	177.6	2.66	8.95	12734	1	0
113	
 Sejuani
Jungle	47.73%	1.33%	0.02%	4.80	4.22	4.93	10.41	4	11977	31448	7720	34.9	6.73	77.52	10140	36	0
114	
 Senna
ADC	53.00%	3.48%	0.95%	NaN	5.85	5.37	12.19	6	19454	18596	11211	155.7	1.03	4.36	11402	17	0
115	
 Senna
Support	48.87%	6.05%	0.95%	NaN	3.30	5.78	12.32	6	13323	16397	9055	32.0	0.35	0.63	8501	5	0
116	
 Sett
Jungle	47.23%	2.01%	0.66%	NaN	5.06	5.68	8.66	6	14400	31329	7351	52.4	6.25	62.92	10324	38	0
117	
 Sett
Support	47.28%	2.53%	0.66%	NaN	3.36	5.73	8.42	4	10315	21103	1556	52.6	0.43	0.40	7677	34	0
118	
 Sett
Top	49.98%	2.77%	0.66%	NaN	5.98	6.41	6.26	7	20508	30794	3895	157.7	2.21	2.62	11494	16	0
119	
 Shaco
Jungle	50.12%	3.06%	0.69%	8.90	7.78	5.72	7.70	8	16105	23296	6583	32.7	8.74	70.42	11063	21	0
120	
 Shaco
Support	52.35%	0.81%	0.69%	34.63	4.37	5.44	9.78	6	16906	16027	1755	29.9	0.60	0.45	8525	8	0
121	
 Shen
Support	52.01%	1.21%	0.70%	10.76	2.73	4.09	8.00	4	7801	14968	1360	70.1	0.38	0.58	6935	28	0
122	
 Shen
Top	51.39%	4.65%	0.70%	5.06	4.60	5.03	10.41	6	15445	25338	2803	149.1	1.22	2.24	10464	3	0
123	
 Shyvana
Jungle	50.95%	2.44%	0.15%	3.79	6.51	4.97	6.79	7	18622	29636	11448	45.7	10.84	92.32	11518	9	0
124	
 Singed
Top	50.83%	1.00%	0.02%	5.85	4.64	6.64	8.39	6	20152	30750	5391	180.4	1.70	1.70	11354	24	0
125	
 Sion
Jungle	52.05%	0.98%	0.02%	13.61	5.54	5.42	9.49	6	16797	36170	6022	63.9	7.27	76.73	11228	13	0
126	
 Sion
Top	50.27%	1.55%	0.02%	5.71	4.90	6.13	7.77	5	19927	36173	3546	181.3	2.12	2.47	11590	11	0
127	
 Sivir
ADC	50.47%	1.38%	0.02%	3.58	6.24	5.77	8.96	7	20873	18611	2547	199.5	2.56	9.12	12565	14	0
128	
 Skarner
Jungle	53.02%	1.00%	0.02%	4.32	4.37	4.79	9.56	5	10709	25867	7773	31.1	9.06	85.44	10519	25	0
129	
 Sona
Support	53.52%	1.80%	0.02%	6.64	2.50	5.89	13.64	5	10333	14265	10829	16.7	0.16	0.22	7854	6	0
130	
 Soraka
Support	52.10%	3.66%	0.15%	6.40	0.99	5.41	13.81	3	5799	12124	18992	17.1	0.05	0.07	7154	7	0
131	
 Swain
Support	51.65%	2.84%	0.31%	27.71	5.10	6.60	11.32	6	18416	23957	6543	37.9	0.63	0.98	9063	4	0
132	
 Sylas
Jungle	46.44%	1.95%	0.94%	NaN	6.93	6.22	7.42	8	17167	34496	15371	38.6	7.72	72.05	10627	31	0
133	
 Sylas
Middle	48.08%	3.64%	0.94%	NaN	7.42	6.80	7.41	8	20765	29789	9385	147.7	2.05	5.89	11207	26	0
134	
 Sylas
Support	50.99%	1.08%	0.94%	NaN	3.96	4.14	3.42	5	9591	14663	4048	93.0	0.71	1.18	6711	32	0
135	
 Sylas
Top	46.94%	1.45%	0.94%	NaN	6.26	6.77	6.57	6	19713	30001	9357	148.1	1.78	3.59	10753	38	0
136	
 Syndra
Middle	46.43%	2.10%	0.18%	5.62	6.89	6.13	6.97	7	21899	18139	2554	176.8	1.59	6.77	11702	28	0
137	
 Talon
Middle	49.34%	1.70%	0.23%	6.49	9.19	7.11	6.35	9	21379	24668	4267	161.8	4.63	7.17	12357	21	0
138	
 Taric
Support	54.50%	1.55%	0.08%	4.94	1.53	5.31	13.94	3	5463	17267	9850	32.9	0.12	0.14	7382	13	0
139	
 Teemo
Top	50.15%	1.98%	0.35%	6.17	5.61	6.58	5.88	7	25362	21851	4006	167.5	2.97	4.30	11566	25	0
140	
 Thresh
Support	48.21%	10.22%	0.79%	10.62	2.05	5.90	13.43	5	7267	17193	1912	32.2	0.07	0.06	7576	16	0
141	
 Tristana
ADC	47.44%	2.29%	0.05%	4.76	8.36	6.37	6.83	8	20324	19997	3013	171.5	2.69	8.97	12765	16	0
142	
 Trundle
Jungle	50.00%	0.66%	0.02%	5.75	4.85	5.26	9.51	7	12156	35086	17157	35.5	7.82	75.90	10617	30	0
143	
 Tryndamere
Top	46.28%	1.26%	0.36%	6.62	6.05	6.12	4.41	6	18453	32810	9400	193.0	8.22	8.41	12884	29	0
144	
 Twisted Fate
Middle	46.67%	1.97%	0.06%	6.17	5.04	5.91	8.68	7	17182	21969	4814	164.0	1.48	5.44	11620	39	0
145	
 Twitch
ADC	51.15%	4.28%	0.24%	6.58	8.31	6.39	7.86	9	21610	20400	2580	168.6	2.61	10.19	12368	8	0
146	
 Udyr
Jungle	50.62%	1.43%	0.04%	3.74	5.77	5.36	6.77	7	12537	27535	10221	38.9	12.43	83.84	11083	28	0
147	
 Urgot
Jungle	50.67%	1.40%	0.36%	7.01	7.18	5.83	6.32	7	16383	25948	8147	62.3	8.39	72.39	11660	24	0
148	
 Urgot
Top	52.48%	2.34%	0.36%	3.89	7.01	5.96	5.61	7	19930	25253	4595	174.1	2.65	3.65	12269	5	0
149	
 Varus
ADC	47.83%	1.23%	0.01%	5.72	6.94	6.46	7.98	7	19797	18618	2743	177.7	2.06	7.97	12185	21	0
150	
 Vayne
ADC	51.77%	5.74%	0.75%	8.22	7.98	6.43	6.41	8	20206	20748	3797	170.1	2.07	7.80	12372	10	0
151	
 Veigar
ADC	54.12%	0.60%	0.11%	18.39	8.10	6.30	7.92	8	21367	17418	2519	172.4	1.71	5.46	12207	6	0
152	
 Veigar
Middle	52.57%	1.50%	0.11%	4.50	7.42	6.26	7.23	8	21031	18120	2098	170.4	1.72	5.33	11891	18	0
153	
 Vel'Koz
Middle	50.06%	0.96%	0.07%	8.48	6.93	5.70	8.21	6	26179	16713	1498	175.1	1.33	4.87	11865	8	0
154	
 Vel'Koz
Support	51.25%	1.43%	0.07%	9.42	4.47	6.31	9.02	6	19008	14000	1050	44.4	0.57	1.10	8785	23	0
155	
 Vi
Jungle	51.75%	3.25%	0.08%	4.95	6.50	6.08	7.68	7	14238	23558	6897	32.4	8.53	83.34	11105	26	0
156	
 Viktor
Middle	48.91%	1.09%	0.02%	5.56	6.68	5.86	7.17	7	24435	17334	2052	181.3	1.99	6.77	11862	22	0
157	
 Vladimir
Middle	51.61%	1.96%	1.19%	6.72	7.05	5.73	6.59	7	23952	30123	24237	185.7	2.26	5.09	12075	3	0
158	
 Vladimir
Top	50.59%	1.71%	1.19%	7.62	5.52	5.55	5.74	6	22070	29088	23245	187.2	1.93	4.12	11542	6	0
159	
 Volibear
Jungle	51.67%	2.27%	0.35%	4.28	5.26	5.07	8.64	6	13095	30126	8809	38.9	7.17	73.48	10490	23	0
160	
 Volibear
Top	49.27%	1.13%	0.35%	5.03	5.40	5.95	6.60	6	17905	29136	5050	152.0	1.88	3.14	10932	36	0
161	
 Warwick
Jungle	53.23%	2.55%	0.13%	5.70	7.03	6.03	8.15	7	13151	33881	16800	32.9	8.07	74.12	11054	15	0
162	
 Wukong
Jungle	52.50%	0.59%	0.16%	6.62	6.86	5.72	7.18	6	15249	26399	7831	61.4	7.20	62.50	11313	29	0
163	
 Wukong
Top	49.43%	1.66%	0.16%	7.03	6.57	6.05	6.20	7	18412	25833	4442	167.5	2.85	4.16	11966	27	0
164	
 Xayah
ADC	51.34%	1.68%	0.02%	5.48	7.39	5.99	7.55	7	21032	18545	2470	184.0	2.68	9.30	12515	12	0
165	
 Xerath
Middle	47.87%	1.17%	0.10%	5.41	6.92	5.28	8.98	7	25459	15271	1151	168.9	1.15	5.68	11591	14	0
166	
 Xerath
Support	51.39%	1.66%	0.10%	12.29	4.45	5.67	9.73	6	18895	12731	952	44.2	0.64	1.31	8751	15	0
167	
 Xin Zhao
Jungle	47.02%	1.53%	0.03%	4.14	6.07	5.96	7.19	9	14266	29204	14703	28.9	9.41	72.45	10328	39	0
168	
 Yasuo
ADC	48.22%	1.43%	3.44%	36.21	7.38	7.06	7.28	7	18068	21771	5007	184.6	3.79	8.65	12590	19	0
169	
 Yasuo
Middle	49.17%	4.72%	3.44%	11.26	7.32	7.14	6.07	7	19369	22943	5091	184.9	4.70	7.27	12512	5	0
170	
 Yone
Middle	48.88%	4.72%	4.50%	NaN	7.77	6.88	6.06	9	21813	24168	5661	173.7	4.31	8.10	12405	2	0
171	
 Yone
Top	46.09%	1.07%	4.50%	NaN	6.71	7.50	5.45	7	21763	25288	5280	181.1	3.87	7.39	12392	21	0
172	
 Yorick
Top	51.00%	0.77%	0.06%	5.72	4.60	5.43	5.23	5	19673	27064	7028	189.1	3.29	3.47	12123	23	0
173	
 Yuumi
Support	48.02%	6.29%	2.42%	NaN	1.72	4.12	14.92	3	8450	7830	13370	6.8	0.12	0.17	7349	2	0
174	
 Zac
Jungle	52.39%	3.34%	0.36%	5.64	4.37	4.47	11.47	5	13518	37012	32295	36.1	5.82	76.40	10065	10	0
175	
 Zed
Middle	50.44%	6.16%	4.20%	6.70	9.65	6.59	6.02	8	23820	21507	3114	165.6	2.07	3.84	12466	1	0
176	
 Ziggs
Middle	49.27%	0.89%	0.02%	5.10	6.00	5.81	8.27	8	25638	16846	1387	182.9	1.68	6.72	12022	17	0
177	
 Zilean
Support	51.95%	1.89%	0.07%	7.05	2.47	5.19	12.50	4	10761	14959	5834	38.5	0.27	0.46	7962	17	0
178	
 Zoe
Middle	45.42%	2.34%	0.49%	NaN	6.66	5.93	7.76	8	21889	18697	4023	153.7	0.93	4.11	10998	34	0
179	
 Zyra
Support	49.33%	2.28%	0.13%	7.06	3.78	6.57	10.18	5	18358	15704	1678	37.0	0.83	1.25	8847	26	0