3608118785
3610100227
3614115332
3611874822
3614446091
3610420809
3613002016
3613647888
3603932689
3613555218
3604133395
3613185556
3609385602
3607584793
3608764956
3611504669
3609336862
3610290720
3613576228
3609991205
3607809062
3614759857
3598918184
3612171817
3614464946
3614298671
3604883505
3609443378
3610353203
3614775348
3610106934
3615927351
3608160312
3604007993
3609164346
3614374975
3609293835
3608770119
3607204424
3611968585
3604324427
3608514126
3607206991
3607366195
3604966364
3605387348
3598626389
3608905306
3611746910
3605328400
3612988515
3612263525
3605071463
3604208745
3615969388
3610823789
3606911598
3610625725
3614049392
3605174385
3602092147
3607472574
3611903608
3615417465
3612896378
3609151423
3609271573
3616272019
3610359937
3610525826
3614145155
3613676164
3614854790
3609092745
3613046412
3614522562
3612079760
3607136913
3614265491
3611616404
3606701719
3614637208
3613727898
3608660124
3607559481
3604612460
3602608287
3602109600
3613681825
3613509795
3608983204
3614195365
3616059047
3615903401
3605483178
3611719851
3615994541
3607417396
3610158771
3607525556
3616314539
3614102710
3604192951
3614662328
3615534777
3615836858
3609009340
3611673277
3607701303
3610695873
3610388162
3599550661
3613485254
3613601479
3616358124
3604639433
3614597323
3607659724
3614452942
3613249232
3606564287
3616102616
3614694105
3604075738
3613112539
3610500318
3607371178
3614160592
3606340657
3614419174
3609269483
3614475500
3605077288
3614758953
3615533304
3613835003
3610626812
3615958813
3607944244
3610837762
3611519747
3606199046
3604994823
3610582793
3606181967
3609175307
3607972621
3614908297
3609031954
3615548691
3610501422
3613119961
3614291224
3613802116
3615715870
3610267419
3612332829
3612993312
3608739617
3599402787
3612140203
3608051249
3613699368
3607495977
3611928876
3611663149
3615353646
3605083951
3610242864
3608653105
3607132466
3610167859
3614046516
3614515511
3607374648
3613103412
3608724934
3598081340
3613746495
3612316992
3615418044
3609057604
3610434373
3605329225
3616172599
3611792717
3609997646
3614691153
3606822713
3614769503
3610668688
3613384332
3605534054
3610329448
3603721578
3606948204
3615861613
3605125998
3613375855
3614641008
3610620785
3603948691
3611426679
3612084600
3611602297
3607450256
3602277611
3608047495
3597967240
3598027500
3614115723
3606185112
3603728276
3614993813
3614399896
3615915967
3607743898
3615892898
3607920035
3603699108
3604050341
3612280232
3608146345
3614168490
3614160811
3610141100
3607719341
3611882927
3615937969
3609208972
3614544307
3607636406
3604992951
3613470136
3614688186
3604960700
3598194621
3615857086
3612893631
3611440064
3609145931
3616396740
3607124933
3610567110
3608907719
3603990473
3610286029
3611514834
3608517587
3605283799
3607249881
3601272795
3612073436
3604655108
3611596965
3614634652
3605478373
3599328450
3616089581
3616039918
3609331709
3610193907
3610603945
3605340606
3607666471
3607559678